thermo nasa9
   200.000  1000.000  6000.000 20000.000   9/09/04
H                 D0(H2):Herzberg,1970. Moore,1972. Gordon,1999.                
 3 g 6/97 H   1.00    0.00    0.00    0.00    0.00 0    1.0079400     217998.828
    200.000   1000.0007 -2.0 -1.0  0.0  1.0  2.0  3.0  4.0  0.0         6197.428
 0.000000000D+00 0.000000000D+00 2.500000000D+00 0.000000000D+00 0.000000000D+00
 0.000000000D+00 0.000000000D+00                 2.547370801D+04-4.466828530D-01
   1000.000   6000.0007 -2.0 -1.0  0.0  1.0  2.0  3.0  4.0  0.0         6197.428
 6.078774250D+01-1.819354417D-01 2.500211817D+00-1.226512864D-07 3.732876330D-11
-5.687744560D-15 3.410210197D-19                 2.547486398D+04-4.481917770D-01
   6000.000  20000.0007 -2.0 -1.0  0.0  1.0  2.0  3.0  4.0  0.0         6197.428
 2.173757694D+08-1.312035403D+05 3.399174200D+01-3.813999680D-03 2.432854837D-07
-7.694275540D-12 9.644105630D-17                 1.067638086D+06-2.742301051D+02
H2                Ref-Elm. Gurvich,1978 pt1 p103 pt2 p31.                       
 3 tpis78 H   2.00    0.00    0.00    0.00    0.00 0    2.0158800          0.000
    200.000   1000.0007 -2.0 -1.0  0.0  1.0  2.0  3.0  4.0  0.0         8468.102
 4.078323210D+04-8.009186040D+02 8.214702010D+00-1.269714457D-02 1.753605076D-05
-1.202860270D-08 3.368093490D-12                 2.682484665D+03-3.043788844D+01
   1000.000   6000.0007 -2.0 -1.0  0.0  1.0  2.0  3.0  4.0  0.0         8468.102
 5.608128010D+05-8.371504740D+02 2.975364532D+00 1.252249124D-03-3.740716190D-07
 5.936625200D-11-3.606994100D-15                 5.339824410D+03-2.202774769D+00
   6000.000  20000.0007 -2.0 -1.0  0.0  1.0  2.0  3.0  4.0  0.0         8468.102
 4.966884120D+08-3.147547149D+05 7.984121880D+01-8.414789210D-03 4.753248350D-07
-1.371873492D-11 1.605461756D-16                 2.488433516D+06-6.695728110D+02
N                 Hf:Cox,1989. Moore,1975. Gordon,1999.                         
 3 g 5/97 N   1.00    0.00    0.00    0.00    0.00 0   14.0067000     472680.000
    200.000   1000.0007 -2.0 -1.0  0.0  1.0  2.0  3.0  4.0  0.0         6197.428
 0.000000000D+00 0.000000000D+00 2.500000000D+00 0.000000000D+00 0.000000000D+00
 0.000000000D+00 0.000000000D+00                 5.610463780D+04 4.193905036D+00
   1000.000   6000.0007 -2.0 -1.0  0.0  1.0  2.0  3.0  4.0  0.0         6197.428
 8.876501380D+04-1.071231500D+02 2.362188287D+00 2.916720081D-04-1.729515100D-07
 4.012657880D-11-2.677227571D-15                 5.697351330D+04 4.865231506D+00
   6000.000  20000.0007 -2.0 -1.0  0.0  1.0  2.0  3.0  4.0  0.0         6197.428
 5.475181050D+08-3.107574980D+05 6.916782740D+01-6.847988130D-03 3.827572400D-07
-1.098367709D-11 1.277986024D-16                 2.550585618D+06-5.848769753D+02
NH                Hf:Anderson,1989. Gurvich,1978 pt2 p223.                      
 3 g 4/99 N   1.00H   1.00    0.00    0.00    0.00 0   15.0146400     357032.001
    200.000   1000.0007 -2.0 -1.0  0.0  1.0  2.0  3.0  4.0  0.0         8601.103
 1.359651320D+04-1.900296604D+02 4.518496790D+00-2.432776899D-03 2.377587464D-06
-2.592797084D-10-2.659680792D-13                 4.280972190D+04-3.886561616D+00
   1000.000   6000.0007 -2.0 -1.0  0.0  1.0  2.0  3.0  4.0  0.0         8601.103
 1.958141991D+06-5.782861300D+03 9.335742020D+00-2.292910311D-03 6.076092480D-07
-6.647942750D-11 2.384234783D-15                 7.898912340D+04-4.116970400D+01
   6000.000  20000.0007 -2.0 -1.0  0.0  1.0  2.0  3.0  4.0  0.0         8601.103
 9.524636790D+07-8.585826910D+04 2.980445181D+01-2.979563697D-03 1.656334158D-07
-4.744791840D-12 5.570148290D-17                 6.961434270D+05-2.229027419D+02
N2                Ref-Elm. Gurvich,1978 pt1 p280 pt2 p207.                      
 3 tpis78 N   2.00    0.00    0.00    0.00    0.00 0   28.0134000          0.000
    200.000   1000.0007 -2.0 -1.0  0.0  1.0  2.0  3.0  4.0  0.0         8670.104
 2.210371497D+04-3.818461820D+02 6.082738360D+00-8.530914410D-03 1.384646189D-05
-9.625793620D-09 2.519705809D-12                 7.108460860D+02-1.076003744D+01
   1000.000   6000.0007 -2.0 -1.0  0.0  1.0  2.0  3.0  4.0  0.0         8670.104
 5.877124060D+05-2.239249073D+03 6.066949220D+00-6.139685500D-04 1.491806679D-07
-1.923105485D-11 1.061954386D-15                 1.283210415D+04-1.586640027D+01
   6000.000  20000.0007 -2.0 -1.0  0.0  1.0  2.0  3.0  4.0  0.0         8670.104
 8.310139160D+08-6.420733540D+05 2.020264635D+02-3.065092046D-02 2.486903333D-06
-9.705954110D-11 1.437538881D-15                 4.938707040D+06-1.672099740D+03
N2H4              Gurvich,1989 pt1 p360 pt2 p225.                               
 2 g 4/99 N   2.00H   4.00    0.00    0.00    0.00 0   32.0451600      95180.000
    200.000   1000.0007 -2.0 -1.0  0.0  1.0  2.0  3.0  4.0  0.0        11449.304
-1.660756354D+05 3.035416736D+03-1.736889823D+01 7.159834020D-02-8.866799300D-05
 5.798970280D-08-1.530037218D-11                -3.731927230D+03 1.190002218D+02
   1000.000   6000.0007 -2.0 -1.0  0.0  1.0  2.0  3.0  4.0  0.0        11449.304
 3.293486700D+06-1.199850628D+04 2.104406814D+01-1.399381724D-03 1.933173351D-07
-1.318016127D-11 3.166400170D-16                 8.348433700D+04-1.155751024D+02